damage
298
562
263
272
231
452
276
289
405
447
477
245
441
316
339
552
353
539
336
280
337
433
432
499
307
434
573
347
554
442
282
220
279
350
276
297
410
240
263
340
522
259
256
356
479
351
464
411
276
282
525
508
478
555
572
547
210
522
334
417
258
500
374
247
442
307
502
504
235
279
312
223
512
297
270
526
376
333
499
377
445
383
499
313
226
533
266
517
415
267
368
447
554
432
551
524
478
412
306
244
446
222
386
419
448
535
412
249
447
504
325
239
487
489
390
310
348
293
367
555
485
326
285
419
380
427
285
434
212
333
380
417
497
358
467
544
237
472
323
540
285
263
283
348
359
462
403
229
419
237
535
330
292
331
455
412
558
312
451
513
384
213
379
454
440
242
459
296
539
432
539
361
233
521
448
546
371
522
455
506
399
258
439
293
560
426
257
361
481
461
544
497
350
259
338
571
421
441
330
320
413
237
531
346
479
415
448
332
424
462
569
326
386
481
526
358
314
475
333
522
489
464
423
438
520
451
533
564
454
236
229
251
431
365
284
242
352
352
392
298
578
431
414
414
250
235
222
492
493
388
339
494
297
223
265
454
310
433
554
547
500
400
432
332
556
480
426
447
447
360
535
484
270
494
220
438
470
334
400
264
477
218
538
486
364
307
549
534
292
498
370
368
380
273
379
243
486
264
242
410
388
299
567
482
381
433
307
216
272
559
319
439
318
560
330
472
506
461
336
482
471
540
330
473
390
444
520
491
546
327
277
532
498
276
529
434
480
572
350
451
445
226
373
366
230
279
236
556
321
253
226
346
425
511
278
458
535
296
559
567
298
481
520
367
565
451
461
372
276
406
571
525
273
468
448
421
508
309
316
515
407
372
499
473
271
329
445
561
532
480
249
358
432
363
411
426
323
309
514
442
358
522
428
274
567
260
370
450
323
331
219
278
534
249
243
418
451
298
405
274
217
544
370
572
567
415
310
552
540
354
512
564
415
216
511
254
555
518
313
414
361
440
321
323
246
491
350
565
531
393
439
277
479
372
432
210
230
472
541
262
457
293
277
434
231
465
218
386
260
391
498
508
542
249
474
477
501
576
277
466
470
413
371
527
506
223
413
407
484
455
274
319
430
539
358
283
270
415
343
499
347
360
312
498
424
232
453
235
495
390
544
338
578
471
290
446
391
559
539
461
407
272
561
549
238
235
538
283
538
459
506
211
474
528
427
319
269
425
548
573
424
411
237
484
386
556
458
227
393
511
333
233
413
395
354
245
452
486
262
330
569
260
297
519
287
279
527
351
282
532
224
417
327
458
272
359
329
417
293
494
434
428
464
373
319
414
556
292
548
440
226
482
243
262
332
417
313
572
453
444
372
500
444
472
531
357
217
386
279
549
346
481
492
442
360
479
466
540
400
553
271
388
512
357
272
528
478
325
273
437
374
326
285
453
230
417
282
559
434
352
485
247
351
377
480
301
306
520
226
284
414
252
380
468
359
478
539
425
304
533
528
249
513
532
493
410
282
534
471
317
331
482
358
376
569
385
517
480
536
412
474
376
326
502
321
294
272
532
280
448
558
233
478
347
338
528
235
210
528
265
403
287
344
425
473
351
431
392
486
407
386
531
320
300
250
340
561
562
435
556
383
283
560
519
345
398
292
498
484
408
350
519
498
216
212
244
486
385
340
323
506
373
249
381
442
541
542
440
437
438
519
423
334
419
397
420
578
544
358
541
231
555
329
480
291
351
399
344
488
576
212
218
287
218
406
486
457
350
568
224
298
415
226
553
233
301
319
319
350
559
536
272
376
555
462
435
517
414
513
511
534
270
307
445
236
574
282
242
494
327
417
528
279
545
236
289
305
485
408
252
425
306
484
451
343
330
528
445
264
521
392
484
468
498
441
397
574
545
316
247
448
253
363
399
393
242
367
444
350
518
421
521
354
284
531
388
347
350
512
309
492
551
532
394
486
555
514
511
220
357
542
501
475
405
465
329
223
373
531
499
432
301
572
538
244
331
415
452
306
314
283
270
519
552
305
524
560
304
306
266
224
551
435
394
367
287
350
472
566
377
497
253
374
507
440
470
321
361
442
454
383
555
534
291
283
256
260
528
292
401
406
541
341
347
539
475
398
225
447
392
444
265
507
575
538
262
415
390
348
220
310
574
558
532
511
310
347
269
266
525
411
474
219
395
452
304
407
528
549
540
561
254
225
403
411
270
542
305
238
498
401
444
331
480
385
348
561
397
546
405
471
560
285
256
567
440
376
405
575
444
507
470
304
507
457
393
473
528
450
511
403
482
471
332
383
223
420
293
286
551
431
535
379
571
472
524
519
549
341
451
229
539
527
397
378
259
413
426
348
494
296
258
292
520
270
506
368
408
345
572
219
471
520
296
567
560
578
303
289
230
327
356
538
423
533
502
358
320
403
478
327
454
386
566
511
292
553
560
361
211
511
438
282
499
489
424
424
227
247
256
278
515
231
517
341
300
223
296
405
482
504
554
357
211
435
545
511
324
549
472
276
279
223
374
363
406
340
533
462
244
318
379
253
227
519
393
246
565
385
316
331
384
274
266
297
323
222
553
360
226
477
384
249
296
454
444
415
282
525
472
567
262
250
534
566
227
292
421
541
249
427
460
529
519
292
344
509
296
337
327
246
442
509
345
316
482
438
366
475
407
236
481
316
232
364
454
343
499
276
297
278
559
395
405
477
237
364
465
517
464
376
277
485
269
260
317
578
364
352
320
247
324
216
371
439
299
554
313
401
535
269
509
363
525
481
388
400
439
525
286
491
215
450
499
554
554
348
459
220
314
294
420
395
356
229
477
321
376
569
431
527
223
325
388
439
439
222
330
417
549
431
239
378
398
269
517
338
407
514
298
386
432
420
426
421
398
345
272
481
238
519
458
538
539
368
216
337
401
458
501
407
559
348
287
521
489
285
376
512
252
437
528
480
219
257
486
266
526
262
231
480
284
379
357
471
399
319
326
341
233
460
239
554
574
556
493
271
284
270
522
249
569
462
418
331
531
264
452
559
542
393
346
453
514
312
407
251
251
450
316
324
286
388
212
401
226
289
487
263
343
473
475
229
379
284
410
507
534
575
407
442
434
311
347
330
397
486
265
384
442
491
464
213
282
395
505
393
529
481
222
420
316
513
478
489
455
337
227
567
473
378
475
364
312
296
393
441
551
498
531
400
224
346
527
558
404
220
401
569
287
296
571
562
507
467
509
309
506
304
309
359
520
553
445
235
227
475
309
486
471
338
254
292
472
211
225
518
423
227
578
568
413
535
538
211
555
511
351
461
410
385
451
466
507
500
231
578
378
567
405
423
441
524
482
354
253
522
252
265
435
473
320
553
420
442
495
517
512
427
508
311
225
462
453
478
540
448
459
259
455
350
500
319
378
271
505
263
290
383
363
556
445
414
526
297
513
293
518
289
245
279
506
411
555
321
470
325
546
269
495
371
291
339
358
472
383
462
222
306
394
415
466
377
445
266
219
332
471
231
571
424
512
472
318
569
462
329
415
232
260
573
471
336
478
271
555
337
404
216
291
468
551
304
215
414
544
462
350
212
247
220
549
575
432
433
294
464
414
316
433
415
393
508
560
521
501
257
541
560
357
246
445
562
413
408
270
489
337
252
269
212
555
235
394
499
489
286
479
432
508
507
354
468
352
314
406
424
242
297
377
274
225
522
224
485
319
420
251
457
390
293
399
406
491
224
276
461
224
213
232
368
252
384
498
544
367
406
495
231
549
554
242
411
437
578
216
313
257
411
303
559
472
509
546
411
258
374
573
479
501
520
399
334
554
466
263
505
434
278
512
438
431
546
428
326
383
400
466
305
239
290
356
556
384
531
319
247
360
440
452
257
560
391
499
312
407
574
218
528
412
575
540
339
564
452
384
468
364
233
359
547
414
478
303
566
297
521
347
479
458
506
462
294
545
556
304
464
319
491
407
512
470
316
397
374
487
272
495
351
399
465
392
512
346
528
504
575
376
533
442
420
446
427
428
401
578
380
524
556
403
553
412
465
371
331
534
568
560
495
403
293
330
360
300
423
220
406
400
337
425
509
556
372
554
283
504
219
554
307
471
222
424
444
399
457
226
458
292
314
378
298
474
578
403
504
565
259
470
471
318
230
515
391
519
499
466
239
485
569
373
385
414
370
347
576
531
421
461
323
269
437
333
305
395
450
428
481
254
274
318
395
333
399
332
458
316
558
354
527
466
232
571
225
215
277
386
457
498
303
223
452
218
515
457
256
454
504
498
479
578
368
297
259
373
250
518
566
219
549
215
296
224
304
485
264
216
225
536
399
289
344
309
406
381
222
347
301
484
445
566
378
403
551
373
404
331
225
270
439
502
319
284
274
276
230
292
336
329
327
497
501
533
477
249
319
544
223
571
425
291
458
442
470
522
306
254
371
438
249
227
319
273
215
277
367
215
479
488
244
388
253
408
226
336
438
229
453
540
493
390
482
359
211
372
517
378
318
553
517
548
320
473
458
564
555
321
253
346
509
215
279
331
222
480
249
343
532
284
370
558
515
564
450
386
290
239
266
390
387
235
341
566
249
420
558
237
216
314
480
452
265
384
521
551
482
485
319
455
319
551
246
250
458
392
485
331
576
256
573
473
259
291
323
411
386
494
497
562
401
566
437
237
511
507
291
519
343
344
301
433
211
250
459
330
400
578
292
361
526
212
520
250
519
575
571
554
280
526
216
347
477
472
230
360
447
499
250
359
352
507
309
298
222
521
572
245
250
310
299
358
540
575
427
215
524
567
348
334
242
357
236
524
296
459
270
364
446
233
312
519
458
217
453
391
262
423
217
560
243
372
262
246
370
213
253
344
374
372
258
547
425
219
506
219
560
421
356
472
351
230
373
501
556
568
423
347
312
562
446
509
529
370
519
459
419
366
412
403
539
433
287
256
216
252
454
401
509
509
433
512
266
534
334
519
542
345
468
327
578
366
371
313
441
333
292
501
297
309
267
426
492
329
452
258
258
431
452
305
535
425
405
253
251
394
544
475
262
236
506
386
367
547
311
540
408
304
256
290
367
408
566
527
524
568
457
291
555
572
279
271
249
398
505
374
262
226
453
468
323
238
401
359
276
319
492
569
415
554
271
395
526
544
574
505
314
217
243
574
559
277
244
542
307
405
254
420
544
212
370
289
423
578
297
517
461
310
444
391
344
573
555
372
504
210
457
497
321
439
233
471
372
257
411
395
294
318
253
525
526
410
446
494
266
421
445
542
314
576
439
269
440
433
509
554
482
280
413
548
365
300
460
494
491
276
494
256
263
222
549
522
495
377
280
406
461
274
406
272
239
377
310
575
384
269
498
548
321
320
542
301
236
421
240
305
410
266
258
541
267
401
513
394
365
468
325
306
576
267
495
552
270
567
559
387
216
294
371
297
240
286
339
549
384
344
309
269
438
556
236
213
425
291
367
257
502
272
511
287
368
457
313
276
477
498
323
517
512
217
286
361
485
285
283
368
229
217
506
238
446
404
360
477
385
415
313
562
350
459
296
376
440
337
304
499
462
565
242
549
212
226
357
294
316
536
343
265
329
306
415
222
341
506
444
461
495
420
374
427
254
411
278
499
439
360
271
380
371
504
549
225
497
366
434
506
296
229
358
559
487
307
230
266
431
305
554
305
304
412
235
555
527
223
385
383
267
341
472
493
545
464
562
247
413
406
312
231
394
377
217
430
561
481
431
376
230
498
354
222
340
330
225
488
504
286
444
507
411
392
501
235
296
430
450
480
405
427
477
407
447
417
578
405
544
448
267
473
331
365
351
235
238
500
346
474
567
262
541
229
380
252
318
403
558
556
451
269
428
500
556
377
285
398
317
521
566
529
320
384
423
290
263
545
324
356
452
296
399
325
283
264
224
332
475
562
555
313
358
218
304
372
304
404
372
313
245
363
465
294
558
486
285
348
216
539
358
329
576
420
475
568
435
576
480
459
502
452
520
249
386
404
481
380
223
473
257
482
492
479
485
337
470
480
304
515
347
437
239
292
561
414
415
465
525
571
293
517
252
300
301
225
553
376
536
347
310
321
446
276
284
331
502
418
538
317
410
472
353
283
339
515
278
394
279
498
366
272
451
498
286
377
548
515
473
420
473
491
341
425
489
343
497
450
401
495
336
532
212
419
213
314
250
300
350
541
343
485
401
544
425
460
336
499
250
508
555
276
280
283
527
377
284
465
435
394
517
321
453
407
400
305
395
367
485
511
318
508
388
419
210
401
535
326
365
225
528
301
377
513
441
553
306
460
421
286
336
414
478
325
343
542
318
525
451
572
264
336
411
297
320
304
309
257
290
210
492
232
424
564
260
525
575
488
575
507
506
242
424
553
269
258
233
238
546
395
311
258
379
272
379
540
470
298
376
426
266
218
230
455
412
222
420
344
232
287
464
320
377
298
447
367
250
474
551
474
383
495
319
445
391
460
544
350
226
455
472
397
293
264
289
237
541
247
284
287
231
542
567
527
487
249
365
540
428
410
447
571
332
246
273
512
447
386
546
427
377
534
571
493
474
333
489
434
211
494
552
488
239
427
491
498
403
312
405
486
240
573
497
276
265
415
578
376
571
471
298
279
309
331
452
223
518
507
330
438
361
479
219
527
567
353
560
368
337
567
532
529
341
536
334
400
426
299
460
571
304
529
274
578
298
278
279
465
555
423
495
372
552
479
303
213
226
539
461
331
316
232
379
457
517
428
304
536
552
265
529
420
498
215
247
286
298
573
244
569
347
364
468
427
404
542
561
312
277
329
498
419
572
406
554
435
314
399
514
303
559
390
256
357
230
326
506
212
417
567
442
525
489
547
366
568
501
265
251
238
348
513
488
271
551
243
524
309
318
299
539
212
508
224
518
446
249
458
439
278
425
222
437
464
376
425
232
506
484
270
470
453
222
312
300
480
324
301
380
378
297
531
529
350
445
446
284
329
399
224
374
477
223
291
508
526
237
511
502
210
419
239
538
311
386
345
474
218
390
569
219
215
536
300
272
401
388
283
358
553
475
479
313
313
238
326
502
351
376
572
578
373
243
466
515
397
457
298
299
357
400
434
253
419
210
573
467
433
289
309
417
386
445
499
218
485
270
393
495
265
213
562
249
440
545
226
497
312
561
298
334
330
282
455
374
309
229
521
253
332
459
274
210
438
330
211
489
390
447
414
559
447
246
280
390
566
546
471
566
522
272
551
276
407
256
506
317
399
481
547
303
462
258
383
348
448
293
464
304
508
299
253
309
230
453
474
290
279
348
376
560
363
296
336
567
398
332
352
538
552
278
450
473
325
538
508
566
499
573
520
475
350
347
502
493
231
534
558
532
572
227
330
262
492
525
321
509
245
365
455
454
354
520
501
262
346
564
426
370
471
279
427
293
498
251
216
554
521
378
343
276
394
266
333
433
435
238
438
361
533
312
346
287
394
428
377
256
472
404
350
452
539
331
236
367
242
242
339
482
333
502
576
437
390
294
453
360
440
578
289
508
498
216
381
211
247
489
471
215
251
390
270
279
556
237
266
384
392
406
319
282
494
256
247
253
359
554
507
276
270
350
482
561
250
217
522
473
240
424
280
265
574
351
319
285
527
493
520
283
531
285
455
312
495
484
360
466
379
575
353
430
312
290
466
451
539
417
413
313
361
353
395
304
400
285
230
459
448
260
244
215
538
541
395
435
452
252
376
274
531
245
560
213
311
552
217
388
246
468
260
254
219
559
310
331
475
368
319
361
361
273
374
264
444
519
552
287
451
442
240
238
421
455
458
319
331
251
299
432
485
485
313
488
299
555
252
320
240
447
415
473
385
415
412
425
553
505
217
385
406
246
498
567
316
558
484
225
407
558
373
489
235
498
440
509
547
246
489
334
324
323
224
526
568
310
299
301
289
323
462
273
299
455
460
334
377
386
434
259
307
344
536
227
520
300
353
575
243
552
455
300
472
518
337
442
215
508
559
313
399
229
423
383
385
542
379
450
576
535
244
555
458
502
506
217
290
487
428
415
344
361
239
445
468
332
514
471
560
485
541
253
310
224
426
509
473
316
431
481
278
486
561
227
321
489
484
293
478
222
482
329
212
532
488
464
301
348
498
384
521
541
363
565
493
573
405
393
412
242
371
517
571
437
301
211
360
578
298
524
321
535
539
522
515
474
435
340
226
383
306
243
238
540
417
310
333
411
511
474
478
224
420
441
434
287
439
316
432
321
420
337
417
495
487
506
410
529
419
291
556
371
265
440
359
301
215
266
231
243
482
367
453
247
379
285
224
259
512
312
431
508
213
486
487
408
343
354
410
292
408
233
427
270
555
499
320
404
393
263
363
329
391
482
373
428
493
343
524
286
519
212
303
250
265
446
319
381
239
556
278
366
341
528
364
493
377
571
211
371
324
395
370
345
556
452
280
418
300
480
264
290
573
227
438
549
323
210
467
