damage
52
47
79
56
72
56
72
66
59
49
55
50
74
71
70
63
68
55
57
48
79
61
48
75
52
83
63
62
44
44
74
57
56
78
58
75
82
54
70
52
77
66
83
82
57
70
47
52
75
74
68
72
72
47
75
77
66
71
83
55
63
77
51
64
51
72
57
56
45
76
62
52
79
82
83
71
48
56
61
56
44
74
77
61
84
71
81
52
79
51
77
77
50
61
54
65
68
52
63
69
54
44
63
44
56
64
69
69
78
58
71
48
72
55
58
62
62
62
70
47
64
65
82
72
84
74
77
84
51
56
68
81
81
82
55
56
70
79
79
77
49
75
48
71
82
76
45
59
56
79
77
66
50
61
72
71
84
45
47
68
64
61
81
68
79
82
77
79
61
78
71
55
48
78
63
58
58
44
65
59
76
64
66
57
61
72
77
79
44
72
49
56
72
48
50
52
65
83
78
83
55
61
81
77
68
71
82
52
56
51
49
83
69
71
54
84
54
83
65
47
47
49
66
64
83
79
54
74
59
55
59
59
75
84
78
64
57
72
77
72
54
54
65
71
57
78
79
55
69
62
83
74
69
68
58
74
77
44
57
65
74
75
63
58
66
50
70
72
45
61
69
84
59
52
70
59
68
57
44
66
45
84
65
81
74
54
62
49
52
71
83
77
54
52
78
56
47
54
61
64
47
56
77
79
50
52
47
45
49
49
52
68
54
69
49
81
59
63
55
58
83
75
44
56
45
68
72
54
78
49
58
56
64
75
54
84
44
82
52
55
70
83
51
66
75
72
59
48
69
49
63
58
78
48
59
44
65
65
57
72
65
55
57
47
66
49
58
52
77
55
47
77
65
55
52
68
51
74
48
44
64
62
65
70
71
70
54
57
75
50
47
52
81
47
75
63
75
55
63
76
49
81
52
57
68
66
55
65
48
61
50
52
75
75
52
56
56
76
62
66
51
44
81
82
76
82
79
70
78
54
62
74
45
49
50
51
61
71
58
51
44
77
75
69
66
65
72
50
57
83
83
58
50
74
79
79
57
77
76
49
68
81
66
52
83
45
63
71
70
82
63
81
45
72
75
48
68
68
48
64
69
62
55
68
75
78
82
75
75
66
50
57
57
62
56
58
48
79
61
50
71
70
51
49
81
84
54
64
78
63
59
57
77
54
74
58
48
79
76
68
62
58
44
66
81
52
45
54
83
72
78
59
54
54
79
83
74
62
49
69
64
52
83
70
52
76
51
69
65
82
78
68
47
49
76
74
75
59
82
48
79
52
82
59
75
82
76
70
79
77
59
79
72
82
82
82
71
64
44
52
68
63
69
57
71
65
47
79
62
66
81
69
63
55
55
65
82
64
54
54
78
84
63
64
79
76
76
83
55
82
83
48
54
84
72
58
84
74
78
65
57
70
82
84
66
57
59
69
51
50
51
78
63
45
47
49
65
62
45
81
47
68
82
75
63
48
51
82
51
79
50
45
64
82
64
52
61
51
52
70
49
65
47
72
45
78
72
64
71
62
55
58
78
56
62
49
56
82
59
82
64
56
48
78
79
55
66
61
48
77
74
56
44
45
79
62
54
52
57
70
56
45
82
61
71
54
68
48
55
84
44
62
48
45
63
76
64
63
75
83
64
48
76
75
63
68
81
56
55
82
71
76
62
55
56
78
82
74
64
78
56
84
51
66
81
76
66
45
52
57
48
69
65
69
52
52
57
64
75
66
76
69
52
83
55
82
83
72
83
48
61
54
74
55
57
76
82
59
48
71
62
48
77
68
47
70
83
55
78
45
69
71
52
76
77
52
82
50
61
69
54
83
81
49
58
61
74
68
68
50
56
59
71
65
72
62
50
71
51
59
81
74
66
61
61
59
48
48
51
68
64
55
69
56
64
58
78
52
79
68
64
51
58
52
63
56
76
68
76
56
75
51
50
70
49
69
84
55
50
59
66
70
57
74
51
49
49
51
70
55
52
68
82
57
55
66
49
65
81
50
65
69
47
78
44
45
52
61
79
55
59
49
69
70
58
54
63
65
81
55
51
62
56
59
79
52
48
63
79
51
47
74
76
57
50
51
59
79
70
76
58
49
55
58
81
58
50
49
81
55
54
71
66
65
50
59
65
75
62
61
64
50
76
76
69
76
48
77
54
83
63
72
77
76
51
69
47
62
58
58
84
82
72
72
50
68
70
59
47
64
51
63
44
63
74
49
49
51
58
70
64
56
58
68
64
77
75
47
66
58
74
77
50
47
78
77
56
82
74
54
66
75
52
83
68
56
58
51
61
83
45
58
59
78
59
70
77
61
82
84
54
69
59
56
57
84
70
61
63
44
63
47
52
81
70
65
44
45
76
82
69
51
51
78
54
71
84
61
64
84
71
59
81
48
59
51
65
45
62
57
64
55
55
47
52
84
47
47
59
81
65
70
45
61
75
45
59
45
77
74
63
83
74
62
82
47
76
68
61
61
57
76
61
82
84
51
56
69
59
82
69
84
76
65
59
77
44
48
84
72
48
48
61
74
70
72
65
72
74
64
54
76
61
55
65
44
71
81
58
74
55
52
74
70
55
50
52
75
70
63
45
63
81
44
45
84
84
68
71
68
47
78
62
76
59
55
64
70
44
78
57
62
72
75
83
44
66
69
71
65
49
78
69
70
81
55
65
71
66
45
58
54
59
76
64
72
52
52
74
75
74
70
55
84
47
65
54
65
44
71
84
51
76
66
78
70
58
70
69
84
51
45
74
62
74
54
44
56
51
58
76
57
64
